実行環境:
OS:Windows11 pro 21H2
CPU:2.6GHz Intel core i5
RAM:32GB
コンパイラ:GCC 9.2.0

総実行時間(powershell Measure-Commandコマンドにて計測):
TotalMilliseconds : 12.7245

seed=123,p_noise=0.1に対する出力:
49
60
49
48
59
48
47
58
59
70
69
70
81
82
81
80
91
90
79
80
69
70
71
82
81
80
91
92
81
82
83
82
81
82
71
82
71
60
71
72
71
60
61
72
73
74
85
86
85
96
107
108
119
9
10
21
11
12
11
21
10
120
110
111
112
111
100
99
110
99
100
99
100
111
1
0
10
120
10
0
110
111
100
89
78
79
90
79
78
79
80
91
102
101
112
2
112
113
112
101
# elapsed time (sec) = 0.000000